image_width: 800
image_height: 600
camera_name: left_camera
camera_matrix:
  rows: 3
  cols: 3
  data: [329.71274,   0.     , 393.35187,
           0.     , 329.86952, 308.80801,
           0.     ,   0.     ,   1.     ]
distortion_model: plumb_bob
distortion_coefficients:
  rows: 1
  cols: 5
  data: [-0.005699, -0.014697, 0.000117, 0.000567, 0.000000]
rectification_matrix:
  rows: 3
  cols: 3
  data: [ 0.99999983, -0.00050813,  0.00028227,
          0.0005081 ,  0.99999986,  0.00011174,
         -0.00028233, -0.0001116 ,  0.99999995]
projection_matrix:
  rows: 3
  cols: 4
  data: [343.1083 ,   0.     , 385.81932,   0.     ,
           0.     , 343.1083 , 326.88798,   0.     ,
           0.     ,   0.     ,   1.     ,   0.     ]
