image_width: 800
image_height: 600
camera_name: right_camera
camera_matrix:
  rows: 3
  cols: 3
  data: [331.70945,   0.     , 395.95656,
           0.     , 331.90277, 311.96512,
           0.     ,   0.     ,   1.     ]
distortion_model: plumb_bob
distortion_coefficients:
  rows: 1
  cols: 5
  data: [0.000150, -0.016959, 0.000683, -0.000372, 0.000000]
rectification_matrix:
  rows: 3
  cols: 3
  data: [ 0.9999965 ,  0.00008863, -0.00264509,
         -0.00008892,  0.99999999, -0.00011156,
          0.00264508,  0.00011179,  0.9999965 ]
projection_matrix:
  rows: 3
  cols: 4
  data: [343.1083 ,   0.     , 385.81932, -20.56958,
           0.     , 343.1083 , 326.88798,   0.     ,
           0.     ,   0.     ,   1.     ,   0.     ]
